0.1736 0.0 0.9848
0.1228 0.1228 0.9848
0.0 0.1736 0.9848
-0.1228 0.1228 0.9848
-0.1736 0.0 0.9848
-0.1228 -0.1228 0.9848
-0.0 -0.1736 0.9848
0.1228 -0.1228 0.9848
0.2418 0.2418 0.9397
0.0 0.342 0.9397
-0.2418 0.2418 0.9397
-0.342 0.0 0.9397
-0.2418 -0.2418 0.9397
-0.0 -0.342 0.9397
0.2418 -0.2418 0.9397
0.342 -0.0 0.9397
0.5 0.0 0.866
0.4045 0.2939 0.866
0.1545 0.4755 0.866
-0.1545 0.4755 0.866
-0.4045 0.2939 0.866
-0.5 0.0 0.866
-0.4045 -0.2939 0.866
-0.1545 -0.4755 0.866
0.1545 -0.4755 0.866
0.4045 -0.2939 0.866
0.52 0.3778 0.766
0.1986 0.6113 0.766
-0.1986 0.6113 0.766
-0.52 0.3778 0.766
-0.6428 0.0 0.766
-0.52 -0.3778 0.766
-0.1986 -0.6113 0.766
0.1986 -0.6113 0.766
0.52 -0.3778 0.766
0.6428 -0.0 0.766
0.766 0.0 0.6428
0.6998 0.3116 0.6428
0.5126 0.5693 0.6428
0.2367 0.7286 0.6428
-0.0801 0.7618 0.6428
-0.383 0.6634 0.6428
-0.6197 0.4503 0.6428
-0.7493 0.1593 0.6428
-0.7493 -0.1593 0.6428
-0.6197 -0.4503 0.6428
-0.383 -0.6634 0.6428
-0.0801 -0.7618 0.6428
0.2367 -0.7286 0.6428
0.5126 -0.5693 0.6428
0.6998 -0.3116 0.6428
0.7912 0.3522 0.5
0.5795 0.6436 0.5
0.2676 0.8236 0.5
-0.0905 0.8613 0.5
-0.433 0.75 0.5
-0.7006 0.509 0.5
-0.8471 0.1801 0.5
-0.8471 -0.1801 0.5
-0.7006 -0.509 0.5
-0.433 -0.75 0.5
-0.0905 -0.8613 0.5
0.2676 -0.8236 0.5
0.5795 -0.6436 0.5
0.7912 -0.3522 0.5
0.866 -0.0 0.5
0.9397 0.0 0.342
0.883 0.3214 0.342
0.7198 0.604 0.342
0.4698 0.8138 0.342
0.1632 0.9254 0.342
-0.1632 0.9254 0.342
-0.4698 0.8138 0.342
-0.7198 0.604 0.342
-0.883 0.3214 0.342
-0.9397 0.0 0.342
-0.883 -0.3214 0.342
-0.7198 -0.604 0.342
-0.4698 -0.8138 0.342
-0.1632 -0.9254 0.342
0.1632 -0.9254 0.342
0.4698 -0.8138 0.342
0.7198 -0.604 0.342
0.883 -0.3214 0.342
0.9254 0.3368 0.1736
0.7544 0.633 0.1736
0.4924 0.8529 0.1736
0.171 0.9698 0.1736
-0.171 0.9698 0.1736
-0.4924 0.8529 0.1736
-0.7544 0.633 0.1736
-0.9254 0.3368 0.1736
-0.9848 0.0 0.1736
-0.9254 -0.3368 0.1736
-0.7544 -0.633 0.1736
-0.4924 -0.8529 0.1736
-0.171 -0.9698 0.1736
0.171 -0.9698 0.1736
0.4924 -0.8529 0.1736
0.7544 -0.633 0.1736
0.9254 -0.3368 0.1736
0.9848 -0.0 0.1736
